170 2
107 2
139 0
189 2
312 3
237 3
180 3
291 3
293 3
19 3
109 3
21 3
223 3
374 2
368 3
383 3
75 3
133 2
283 3
157 3
63 3
76 3
288 3
137 3
316 2
183 2
233 3
12 3
178 1
104 3
184 2
217 3
90 2
329 3
160 3
245 3
267 3
3 3
335 3
215 3
25 3
289 3
239 1
250 3
259 3
175 3
92 2
256 3
281 1
255 2
221 3
228 3
384 2
232 3
238 3
346 3
74 3
207 3
35 3
182 2
343 3
42 3
155 3
399 3
332 3
86 3
197 3
34 3
341 2
164 2
152 3
208 3
30 3
320 3
91 3
125 3
71 2
56 3
97 3
159 3
144 3
325 0
216 3
6 3
185 2
57 0
261 3
319 3
397 3
350 3
286 3
392 2
85 2
302 3
119 3
60 2
309 3
393 3
389 2
169 3
304 3
132 3
200 2
251 3
379 3
378 3
333 3
285 0
148 1
16 1
354 2
98 0
123 1
356 0
290 2
88 1
282 0
274 2
61 2
394 3
351 2
390 2
1 0
268 1
14 1
150 2
355 1
78 1
277 1
364 2
4 2
198 2
72 2
227 2
272 2
50 0
9 2
398 0
275 2
46 3
218 2
254 3
26 3
190 3
284 0
299 1
141 3
62 2
327 0
102 0
101 1
375 2
388 0
352 2
202 2
116 3
269 1
307 1
48 2
136 2
249 0
326 0
280 2
29 3
301 1
203 2
18 2
297 3
210 2
81 2
177 3
213 3
128 3
172 2
338 2
51 3
7 0
331 2
186 3
344 2
367 1
129 0
204 2
67 3
31 2
52 2
345 0
118 2
308 0
224 0
84 0
209 2
95 0
314 0
313 2
194 2
303 1
146 0
330 0
96 0
135 0
357 0
103 2
36 0
365 0
100 1
173 1
195 0
43 2
69 1
229 1
376 1
89 1
192 0
220 2
121 2
199 0
263 0
108 0
273 1
41 1
179 3
55 1
127 0
236 0
162 1
23 1
124 1
117 2
154 0
387 0
153 2
248 1
348 0
53 1
264 1
225 1
369 2
94 1
371 0
337 3
114 2
126 2
149 2
258 3
234 0
37 2
167 0
45 2
64 2
201 1
212 0
32 2
122 1
11 0
115 1
140 1
54 0
211 1
391 1
151 0
59 1
382 1
113 1
106 0
349 0
82 0
279 0
161 1
373 1
181 1
143 0
131 2
110 0
206 1
386 0
193 1
396 0
147 2
47 1
145 2
246 0
310 0
158 1
99 0
24 2
83 1
294 1
156 1
321 1
253 2
142 2
339 3
241 1
235 0
222 0
287 1
5 0
191 1
347 2
22 1
68 1
322 0
243 0
358 1
138 0
2 1
40 0
340 2
87 0
244 2
214 1
163 0
79 0
385 2
188 1
28 1
363 1
166 2
242 1
15 0
38 1
265 1
262 1
174 1
168 0
66 0
80 0
318 1
334 1
93 1
260 0
165 1
13 0
336 0
366 1
305 1
271 1
360 1
44 1
33 1
315 1
134 1
70 0
252 0
205 0
65 0
8 0
342 1
112 2
10 0
49 0
328 1
230 0
395 3
20 2
247 0
73 1
324 1
39 1
372 2
240 2
359 0
226 2
296 0
17 2
276 2
120 1
278 0
77 1
270 0
27 0
130 1
370 0
292 2
257 2
361 2
362 0
111 2
323 0
306 0
187 1
219 1
171 1
196 1
105 1
381 1
317 1
176 1
377 0
298 2
231 0
380 0
311 1
353 2
300 2
266 1
295 0
58 0
