797 2
744 0
327 3
131 2
942 2
1134 0
383 1
852 3
795 0
941 1
85 1
75 0
179 2
377 2
406 2
675 3
293 1
1139 0
315 0
641 3
211 3
870 2
569 0
968 2
331 3
857 0
1060 2
69 1
627 2
912 3
500 0
231 0
650 2
419 1
858 1
223 0
720 0
1036 0
645 2
159 1
671 2
540 1
352 0
425 1
296 0
12 0
981 2
1131 1
825 0
48 2
877 1
1143 0
984 3
125 1
139 1
225 3
361 0
550 3
988 1
16 1
468 1
362 1
392 3
138 1
314 1
1090 3
1057 3
118 2
1102 1
255 1
729 3
1127 2
835 3
35 1
217 2
369 0
486 1
945 0
630 1
363 1
79 1
886 2
1026 3
951 2
1062 3
487 3
1073 3
902 1
875 3
931 3
1082 2
972 2
830 3
165 2
612 2
787 3
256 3
638 0
918 1
313 0
395 3
207 2
279 2
384 3
427 2
1168 3
802 3
691 0
32 3
846 2
1189 1
851 0
157 2
434 0
529 3
948 2
677 2
1069 2
1022 2
350 3
458 3
1154 0
1045 0
732 0
1112 1
154 1
449 2
533 3
405 1
1130 3
249 2
938 3
648 3
535 3
155 0
847 3
1065 3
779 3
985 0
272 3
840 0
721 2
63 1
607 3
295 0
204 3
666 1
1175 2
990 3
794 2
971 3
661 1
98 3
1153 1
1010 1
77 3
140 1
887 0
1039 0
81 1
342 3
730 0
658 1
111 3
1187 2
50 0
733 0
522 0
534 1
637 3
823 1
46 3
45 2
603 0
135 0
1176 3
869 0
1128 1
122 3
340 2
836 3
399 1
957 1
447 2
304 2
1064 2
940 0
1159 3
781 0
467 1
909 1
132 2
366 0
445 1
664 0
512 1
625 0
1046 3
907 3
547 1
592 1
915 3
134 3
572 1
594 0
18 1
188 3
996 3
525 3
1093 2
757 1
310 3
1078 1
760 1
452 1
919 1
1186 3
329 3
418 2
521 3
668 2
801 0
1016 3
1155 1
320 3
437 3
1094 0
1028 1
305 3
813 2
84 0
511 1
702 3
438 0
1020 0
54 2
191 2
531 3
761 2
654 2
888 2
1063 3
549 2
618 1
87 2
687 3
734 0
1163 2
873 1
345 2
499 0
490 2
782 2
853 3
489 3
506 3
162 0
273 2
1001 0
682 2
939 3
1150 3
667 1
128 3
976 2
562 0
571 1
905 2
520 3
1158 3
210 0
937 3
373 0
1161 1
1076 0
1051 3
602 0
41 2
161 1
446 2
21 0
78 2
621 2
745 3
205 3
573 1
137 1
298 3
436 3
149 0
175 3
1014 2
791 0
33 0
334 1
881 2
461 2
839 3
44 0
893 0
561 3
277 0
38 0
774 2
965 2
96 3
215 3
923 3
889 0
527 0
88 2
153 2
898 0
614 2
967 0
961 3
39 3
1067 2
1085 2
208 1
673 2
457 3
895 2
588 0
114 3
275 1
546 3
80 2
115 2
749 3
686 2
959 3
224 0
574 0
628 2
611 2
824 2
826 2
234 3
579 0
1122 3
697 0
986 1
1133 0
216 2
861 0
432 3
903 1
1162 2
631 1
367 2
560 3
1183 0
181 0
113 3
616 1
1117 2
1050 3
353 1
1144 3
771 3
36 3
1124 2
639 2
1125 1
716 3
197 3
772 2
1164 2
485 3
818 1
119 3
1147 2
632 3
960 3
559 3
989 3
970 3
1114 3
717 1
821 1
1170 1
958 2
865 1
308 1
292 1
1040 3
274 0
254 2
82 0
1173 3
709 2
1000 1
83 0
725 3
735 3
148 3
65 1
1099 1
1152 0
1141 2
229 2
237 0
372 1
476 3
601 0
344 0
636 2
617 3
608 2
964 1
93 2
1116 2
92 1
582 3
706 2
600 2
389 3
57 2
1049 0
70 3
483 0
1107 1
1151 3
31 1
982 1
400 0
110 0
997 2
1169 2
459 2
867 2
974 2
855 2
1083 3
62 1
786 3
243 1
221 2
498 0
751 2
1132 0
28 1
464 3
1156 0
747 2
435 3
416 3
264 1
1071 2
58 3
633 3
294 2
71 0
1100 1
411 0
723 1
854 1
429 1
816 1
241 3
693 1
250 3
324 1
822 0
950 0
496 1
737 2
758 3
219 0
599 0
623 3
1121 2
253 2
1038 0
975 2
699 0
351 0
1178 0
545 2
201 2
523 0
741 3
644 1
3 0
484 2
239 1
977 2
214 0
908 0
1017 3
381 3
301 1
504 1
30 0
246 2
696 1
1035 2
814 1
584 2
913 0
247 0
1047 0
433 2
1111 1
1007 3
679 2
1182 3
589 0
843 1
391 1
764 3
570 3
475 3
799 3
187 3
563 2
408 3
1145 2
136 3
793 2
4 2
752 2
812 2
8 1
676 3
266 1
169 0
421 1
27 3
17 3
536 1
683 2
620 2
228 3
439 0
51 3
1181 0
809 0
355 3
906 3
700 2
451 2
613 1
317 1
1088 1
442 0
386 1
261 1
281 2
414 1
580 3
817 0
424 0
1095 3
892 2
862 1
820 2
357 3
992 3
124 2
513 1
501 3
397 0
107 1
1023 3
413 0
1190 3
283 1
653 2
565 3
1126 2
126 3
776 3
998 1
678 2
518 2
748 3
1180 0
879 3
14 0
1123 3
47 0
743 1
838 0
804 0
1 0
49 1
236 1
55 3
708 3
318 3
662 3
259 3
1033 2
916 2
76 3
591 2
927 2
1089 2
759 0
1081 1
311 2
845 3
365 2
1105 2
265 0
1015 3
103 3
1074 2
127 3
796 2
232 2
724 3
649 3
343 2
595 2
494 2
593 0
833 3
685 2
144 3
471 1
168 2
302 3
979 0
555 3
291 2
360 1
462 2
286 3
789 0
956 0
278 2
359 2
25 1
66 3
692 2
773 1
850 0
130 1
576 1
827 0
995 1
1055 0
245 0
180 0
502 0
453 0
874 1
844 2
337 0
463 1
52 0
754 2
770 0
1053 0
257 3
755 0
695 0
202 3
206 2
1077 0
1056 2
894 1
1167 0
1185 2
883 2
404 2
151 3
270 2
346 2
780 1
1171 0
56 0
358 2
1179 0
829 2
171 2
371 1
460 0
634 2
640 0
524 0
1087 2
1070 3
508 1
1188 1
284 0
133 3
539 0
1106 3
698 3
1025 2
551 2
647 2
22 1
917 1
29 2
884 1
828 2
1011 1
1061 0
933 1
924 0
388 0
553 1
116 2
213 0
955 0
837 0
185 2
1008 3
1059 2
552 2
710 2
966 2
240 0
925 0
268 3
1177 2
1032 0
282 2
622 2
712 0
1113 0
455 1
335 2
509 3
142 2
379 1
370 3
1029 0
651 1
105 1
578 3
785 0
322 3
1027 0
95 0
742 0
1066 0
926 1
750 1
728 0
196 2
422 0
805 2
914 3
328 3
235 3
323 2
575 2
715 2
394 2
1174 3
86 1
604 1
1108 3
339 3
510 3
1031 2
176 0
376 1
655 3
863 0
872 0
1110 3
170 0
67 1
953 3
481 1
768 2
198 1
629 0
1042 2
289 0
1136 2
330 1
97 1
167 3
586 3
684 0
688 3
554 0
189 1
336 1
409 0
150 0
222 2
1160 0
10 1
356 3
195 1
312 0
146 3
332 2
258 0
117 1
396 0
72 0
480 3
238 1
609 1
541 0
815 1
299 3
156 3
6 0
89 0
727 0
178 3
23 1
326 1
478 0
537 1
450 1
43 0
108 0
831 1
866 0
182 2
152 1
1018 3
375 0
713 0
859 1
73 3
808 0
173 0
542 1
1092 1
978 1
932 2
566 2
200 1
7 2
448 3
864 0
701 2
248 3
112 0
904 0
532 0
319 1
626 1
316 2
652 0
1075 3
973 2
891 0
834 1
333 2
819 2
585 0
306 0
1009 1
832 1
423 1
635 1
1041 1
788 1
285 0
596 1
37 1
672 0
507 3
707 3
1115 1
746 0
493 1
564 0
890 0
401 0
868 0
307 0
42 2
763 0
921 2
347 2
20 1
382 1
474 1
280 3
739 3
244 0
660 0
714 1
212 2
987 3
1058 1
885 2
218 1
811 1
252 0
160 1
767 2
1004 1
670 1
267 3
722 3
514 2
102 3
1149 2
479 1
944 2
59 0
321 1
194 1
897 3
1166 1
646 1
430 0
1084 1
1165 1
528 1
792 1
24 1
227 0
53 0
374 1
899 3
393 1
689 2
769 2
1003 2
426 2
368 2
407 2
385 0
183 1
690 0
492 1
766 1
68 2
100 0
643 1
1103 3
163 2
1068 0
1129 2
517 3
338 1
526 1
15 1
287 1
1048 2
718 2
61 0
441 3
1172 3
472 3
558 3
762 0
64 2
619 1
420 1
465 2
806 2
26 3
1148 0
669 0
94 2
263 3
166 1
1019 2
726 0
1138 0
642 3
121 2
60 1
557 1
538 3
598 3
911 0
1091 1
1043 0
417 2
530 2
1002 0
104 1
783 0
469 2
778 1
1021 1
390 2
129 3
871 0
172 3
348 2
470 1
705 0
920 0
349 1
798 1
444 0
656 3
1052 1
1137 1
849 3
1098 3
936 0
842 3
120 3
186 1
949 0
740 0
1080 1
777 2
1044 3
19 2
519 2
587 2
158 0
657 3
300 3
556 2
583 3
876 3
177 0
341 2
174 0
415 3
505 1
1037 1
994 2
934 1
878 1
233 2
1030 2
954 3
288 1
756 0
141 3
1054 1
952 2
800 0
456 1
199 3
91 1
624 3
1118 3
515 0
943 1
731 0
220 1
775 3
577 2
1119 1
969 0
928 1
466 2
1109 1
145 1
354 3
477 0
193 2
980 2
473 3
753 2
491 1
719 1
1096 1
164 2
590 2
790 1
398 1
378 1
1104 0
13 2
1135 3
665 1
34 1
516 1
403 0
784 1
896 1
488 0
1120 0
109 1
276 1
663 3
999 1
497 0
269 3
1146 0
440 0
681 1
841 2
123 0
1079 1
101 0
143 1
503 0
192 1
203 0
1184 1
2 3
901 1
290 0
711 2
1072 1
765 3
810 2
443 0
597 3
659 1
935 1
412 0
1140 2
271 2
230 2
860 2
738 2
11 2
251 0
704 2
544 3
807 0
303 2
1006 0
260 0
900 2
848 2
40 3
90 3
543 2
1005 2
495 3
184 3
209 2
380 1
962 3
1142 3
993 3
930 3
431 0
1024 2
5 1
325 0
387 2
880 2
1013 0
454 3
147 3
703 0
309 1
680 1
262 3
946 0
882 2
1034 0
548 1
856 3
947 0
991 1
963 3
190 1
99 0
606 2
1157 0
1101 0
297 1
674 0
106 3
581 0
983 0
1086 0
922 2
482 2
226 3
9 1
610 2
364 0
402 0
568 1
694 0
803 3
567 3
410 1
74 2
615 1
736 1
605 1
929 2
1097 3
1012 3
242 1
910 0
428 0
