1 1
2 1
3 1
4 2
5 3
6 4
7 5
8 2
9 2
10 2
11 6
12 2
13 1
14 7
15 2
16 2
17 2
18 2
19 5
20 5
21 6
22 5
23 2
24 8
25 8
26 8
27 8
28 8
29 3
30 5
31 9
32 9
33 9
34 9
35 9
36 9
37 7
38 9
39 1
40 9
41 9
42 9
43 9
44 9
45 9
46 1
47 9
48 9
49 10
50 2
51 2
52 9
53 9
54 9
55 9
56 9
57 9
58 10
59 4
60 8
61 3
62 5
63 9
64 6
65 10
66 9
67 5
68 7
69 8
70 10
71 2
72 11
73 5
74 11
75 5
76 5
77 7
78 3
79 12
80 3
81 2
82 2
83 8
84 12
85 5
86 7
87 7
88 12
89 12
90 4
91 4
92 8
93 9
94 2
95 9
96 9
97 9
98 9
99 9
100 9
101 9
102 9
103 9
104 5
105 5
106 8
107 4
108 2
109 10
110 2
111 4
112 3
113 2
114 4
115 3
116 3
117 11
118 4
119 4
120 3
121 3
122 3
123 3
124 3
125 3
126 6
127 1
128 3
129 3
130 3
131 3
132 3
133 3
134 8
135 3
136 9
137 1
138 3
139 4
140 3
141 3
142 4
143 7
144 6
145 7
146 1
147 9
148 9
149 1
150 1
151 3
152 1
153 3
154 1
155 1
156 9
157 1
158 9
159 1
160 1
161 6
162 1
163 3
164 1
165 1
166 1
167 8
168 6
169 3
170 6
171 3
172 6
173 1
174 1
175 1
176 12
177 3
178 8
179 12
180 3
181 12
182 3
183 12
184 5
185 6
186 8
187 5
188 8
189 8
190 8
191 4
192 8
193 2
194 8
195 4
196 4
197 8
198 8
199 6
200 1
201 4
202 8
203 3
204 12
205 12
206 5
207 8
208 1
209 9
210 9
211 8
212 12
213 7
214 12
215 8
216 2
217 8
218 5
219 6
220 10
221 2
222 4
223 3
224 3
225 5
226 8
227 4
228 3
229 8
230 4
231 4
232 4
233 8
234 12
235 8
236 4
237 12
238 6
239 1
240 2
241 3
242 3
243 8
244 7
245 3
246 1
247 12
248 1
249 3
250 5
251 3
252 3
253 6
254 8
255 1
256 8
257 4
258 11
259 1
260 1
261 8
262 3
263 6
264 1
265 3
266 1
267 1
268 1
269 3
270 3
271 1
272 1
273 11
274 11
275 8
276 5
277 10
278 8
279 3
280 8
281 1
282 3
283 6
284 1
285 1
286 1
287 1
288 3
289 1
290 4
291 3
292 1
293 1
294 1
295 13
296 9
297 9
298 12
299 1
300 1
301 1
302 1
303 12
304 12
305 11
306 5
307 6
308 3
309 13
310 3
311 3
312 8
313 8
314 1
315 1
316 1
317 1
318 9
319 3
320 3
321 9
322 9
323 9
324 9
325 9
326 2
327 2
328 10
329 10
330 10
331 10
332 10
333 10
334 5
335 3
336 12
337 3
338 8
339 2
340 2
341 1
342 1
343 1
344 1
345 2
346 1
347 3
348 1
349 3
350 8
351 8
352 8
353 8
354 3
355 5
356 8
357 1
358 1
359 11
360 12
361 1
362 1
363 12
364 5
365 1
366 1
367 1
368 1
369 1
370 1
371 1
372 4
373 4
374 2
375 4
376 7
377 5
378 10
379 1
380 3
381 1
382 1
383 8
384 3
385 8
386 8
387 3
388 8
389 5
390 1
391 1
392 8
393 1
394 8
395 6
396 4
397 7
398 9
399 9
400 9
401 4
402 8
403 12
404 12
405 4
406 3
407 3
408 3
409 9
410 3
411 1
412 3
413 3
414 8
415 1
416 5
417 3
418 6
419 1
420 1
421 3
422 3
423 3
424 3
425 4
426 1
427 3
428 3
429 7
430 3
431 11
432 1
433 1
434 9
435 3
436 12
437 3
438 3
439 8
440 3
441 12
442 1
443 9
444 3
445 3
446 2
447 2
448 1
449 6
450 5
451 9
452 9
453 9
454 9
455 8
456 9
457 9
458 9
459 1
460 1
461 12
462 4
463 1
464 10
465 9
466 9
467 9
468 9
469 9
470 9
471 9
472 1
473 2
474 1
475 3
476 3
477 3
478 5
479 3
480 1
481 1
482 4
483 6
484 6
485 13
486 5
487 9
488 9
489 5
490 1
491 3
492 3
493 6
494 6
495 10
496 6
497 6
498 6
499 6
500 6
501 6
502 6
503 6
504 1
505 1
506 1
507 3
508 1
509 1
510 6
511 2
512 5
513 9
514 7
515 7
516 9
517 9
518 9
519 9
520 9
521 6
522 2
523 12
524 4
525 3
526 2
527 5
528 11
529 2
530 3
531 3
532 8
533 3
534 2
535 4
536 11
537 12
538 12
539 12
540 5
541 12
542 3
543 1
544 3
545 1
546 1
547 3
548 3
549 12
550 2
551 2
552 4
553 2
554 3
555 7
556 3
557 9
558 12
559 12
560 9
561 4
562 10
563 3
564 7
565 9
566 1
567 5
568 8
569 7
570 1
571 8
572 5
573 2
574 13
575 1
576 1
577 3
578 6
579 6
580 3
581 1
582 8
583 8
584 5
585 5
586 5
587 5
588 5
589 5
590 12
591 12
592 5
593 12
594 8
595 5
596 8
597 1
598 9
599 1
600 2
601 6
602 7
603 8
604 8
605 8
606 3
607 8
608 3
609 8
610 3
611 2
612 3
613 10
614 3
615 2
616 8
617 3
618 3
619 2
620 3
621 3
622 12
623 8
624 8
625 12
626 3
627 9
628 4
629 1
630 12
631 10
632 10
633 7
634 6
635 3
636 3
637 8
638 13
639 9
640 1
641 8
642 3
643 8
644 4
645 3
646 3
647 3
648 3
649 3
650 8
651 6
652 1
653 3
654 1
655 3
656 9
657 1
658 3
659 6
660 1
661 4
662 4
663 3
664 2
665 9
666 7
667 2
668 9
669 6
670 7
671 1
672 1
673 1
674 1
675 1
676 1
677 3
678 6
679 1
680 8
681 1
682 1
683 9
684 10
685 8
686 4
687 1
688 1
689 1
690 1
691 1
692 7
693 7
694 5
695 3
696 10
697 1
698 3
699 9
700 11
701 2
702 2
703 5
704 4
705 5
706 12
707 12
708 8
709 8
710 8
711 3
712 8
713 7
714 8
715 8
716 10
717 3
718 9
719 3
720 9
721 1
722 1
723 12
724 12
725 1
726 1
727 12
728 8
729 12
730 1
731 1
732 1
733 12
734 1
735 12
736 1
737 1
738 1
739 1
740 1
741 1
742 9
743 3
744 12
745 1
746 10
747 4
748 12
749 7
750 8
751 8
752 1
753 6
754 6
755 6
756 6
757 3
758 6
759 6
760 3
761 3
762 3
763 3
764 3
765 3
766 6
767 6
768 3
769 6
770 6
771 6
772 6
773 6
774 6
775 6
776 6
777 6
778 6
779 8
780 6
781 6
782 6
783 6
784 8
785 6
786 6
787 6
788 6
789 6
790 6
791 6
792 6
793 1
794 4
795 6
796 2
797 3
798 6
799 4
800 12
801 6
802 9
803 6
804 6
805 6
806 6
807 6
808 6
809 3
810 6
811 12
812 6
813 6
814 6
815 3
816 3
817 6
818 8
819 12
820 6
821 3
822 6
823 8
824 3
825 7
826 6
827 8
828 8
829 8
830 8
831 8
832 8
833 8
834 8
835 8
836 8
837 8
838 8
839 3
840 6
841 6
842 6
843 9
844 9
845 1
846 8
847 2
848 2
849 9
850 4
851 3
852 8
853 4
854 8
855 4
856 4
857 8
858 3
859 3
860 8
861 3
862 3
863 12
864 1
865 6
866 13
867 3
868 3
869 3
870 1
871 3
872 1
873 3
874 4
875 1
876 12
877 3
878 8
879 3
880 1
881 6
882 6
883 5
884 3
885 12
886 2
887 3
888 9
889 6
890 9
891 9
892 9
893 4
894 9
895 9
896 8
897 8
898 8
899 8
900 8
901 8
902 2
903 3
904 10
905 5
906 5
907 9
908 5
909 5
910 6
911 5
912 5
913 5
914 5
915 1
916 1
917 12
918 9
919 1
920 1
921 3
922 2
923 8
924 5
925 5
926 10
927 2
928 5
929 10
930 10
931 8
932 9
933 4
934 9
935 5
936 9
937 9
938 9
939 5
940 9
941 10
942 2
943 5
944 4
945 5
946 8
947 8
948 8
949 8
950 8
951 1
952 1
953 1
954 1
955 1
956 1
957 1
958 1
959 5
960 5
961 5
962 5
963 5
964 5
965 5
966 5
967 5
968 5
969 5
970 5
971 10
972 5
973 4
974 3
975 2
976 3
977 4
978 3
979 8
980 8
981 9
982 3
983 7
984 1
985 12
986 3
987 6
988 1
989 1
990 3
991 3
992 1
993 9
994 12
995 6
996 6
997 4
998 8
999 5
1000 4
1001 12
1002 8
1003 1
1004 3
1005 9
1006 8
1007 3
1008 3
1009 3
1010 1
1011 1
1012 12
1013 3
1014 1
1015 7
1016 3
1017 3
1018 3
1019 1
1020 12
1021 3
1022 3
1023 3
1024 3
1025 1
1026 3
1027 6
1028 3
1029 6
1030 3
1031 9
1032 5
1033 8
1034 5
1035 3
1036 9
1037 8
1038 8
1039 9
1040 12
1041 8
1042 7
1043 3
1044 7
1045 6
1046 1
1047 5
1048 10
1049 5
1050 8
1051 4
1052 12
1053 1
1054 13
1055 8
1056 3
1057 3
1058 12
1059 4
1060 3
1061 2
1062 2
1063 8
1064 10
1065 5
1066 8
1067 6
1068 12
1069 1
1070 1
1071 1
1072 1
1073 1
1074 1
1075 1
1076 1
1077 1
1078 1
1079 1
1080 1
1081 1
1082 3
1083 1
1084 1
1085 1
1086 1
1087 1
1088 1
1089 1
1090 3
1091 1
1092 1
1093 2
1094 3
1095 2
1096 12
1097 3
1098 3
1099 13
1100 6
1101 6
1102 6
1103 3
1104 3
1105 3
1106 6
1107 2
1108 3
1109 1
1110 2
1111 5
1112 5
1113 5
1114 5
1115 3
1116 5
1117 5
1118 8
1119 5
1120 1
1121 1
1122 5
1123 8
1124 3
1125 3
1126 3
1127 3
1128 3
1129 1
1130 11
1131 11
1132 9
1133 3
1134 9
1135 3
1136 8
1137 2
1138 2
1139 3
1140 8
1141 4
1142 2
1143 2
1144 8
1145 10
1146 9
1147 9
1148 9
1149 9
1150 9
1151 9
1152 1
1153 9
1154 5
1155 9
1156 5
1157 9
1158 5
1159 5
1160 9
1161 3
1162 7
1163 7
1164 2
1165 1
1166 3
1167 2
1168 8
1169 3
1170 12
1171 3
1172 12
1173 8
1174 8
1175 4
1176 2
1177 1
1178 6
1179 8
1180 8
1181 4
1182 3
1183 8
1184 3
1185 3
1186 3
1187 5
1188 4
1189 3
1190 3
1191 3
1192 2
1193 4
1194 2
1195 1
1196 1
1197 9
1198 9
1199 9
1200 1
1201 1
1202 1
1203 3
1204 1
1205 1
1206 9
1207 4
1208 12
1209 1
1210 2
1211 2
1212 2
1213 12
1214 12
1215 3
1216 12
1217 3
1218 2
1219 2
1220 13
1221 8
1222 4
1223 1
1224 8
1225 1
1226 3
1227 1
1228 12
1229 5
1230 3
1231 12
1232 12
1233 12
1234 3
1235 12
1236 1
1237 8
1238 5
1239 5
1240 5
1241 5
1242 5
1243 5
1244 5
1245 5
1246 5
1247 4
1248 11
1249 4
1250 1
1251 13
1252 1
1253 3
1254 1
1255 3
1256 1
1257 8
1258 8
1259 1
1260 3
1261 6
1262 5
1263 1
1264 3
1265 1
1266 3
1267 1
1268 1
1269 3
1270 5
1271 6
1272 12
1273 1
1274 1
1275 12
1276 4
1277 6
1278 2
1279 4
1280 5
1281 13
1282 3
1283 6
1284 6
1285 6
1286 8
1287 6
1288 1
1289 1
1290 1
1291 1
1292 1
1293 1
1294 2
1295 3
1296 13
1297 5
1298 11
1299 7
1300 7
1301 1
1302 1
1303 3
1304 5
1305 13
1306 3
1307 3
1308 4
1309 4
1310 4
1311 2
1312 3
1313 2
1314 2
1315 7
1316 2
1317 3
1318 2
1319 12
1320 13
1321 2
1322 2
1323 7
1324 7
1325 2
1326 12
1327 1
1328 8
1329 8
1330 8
1331 7
1332 5
1333 5
1334 5
1335 5
1336 5
1337 5
1338 7
1339 3
1340 3
1341 12
1342 12
1343 2
1344 4
1345 4
1346 3
1347 3
1348 2
1349 2
1350 2
1351 10
1352 9
1353 13
1354 13
1355 13
1356 10
1357 13
1358 13
1359 9
1360 9
1361 4
1362 9
1363 9
1364 9
1365 4
1366 11
1367 5
1368 9
1369 9
1370 9
1371 9
1372 4
1373 9
1374 5
1375 8
1376 3
1377 8
1378 8
1379 3
1380 3
1381 3
1382 13
1383 9
1384 3
1385 2
1386 12
1387 3
1388 3
1389 4
1390 3
1391 3
1392 3
1393 3
1394 1
1395 3
1396 11
1397 3
1398 3
1399 2
1400 13
1401 2
1402 3
1403 3
1404 5
1405 2
1406 3
1407 3
1408 8
1409 3
1410 3
1411 3
1412 3
1413 3
1414 1
1415 12
1416 12
1417 3
1418 11
1419 3
1420 1
1421 3
1422 3
1423 3
1424 3
1425 3
1426 3
1427 3
1428 6
1429 3
1430 3
1431 3
1432 2
1433 3
1434 6
1435 3
1436 12
1437 3
1438 2
1439 3
1440 6
1441 3
1442 8
1443 8
1444 2
1445 8
1446 3
1447 7
1448 3
1449 2
1450 2
1451 3
1452 3
1453 10
1454 8
1455 1
1456 3
1457 4
1458 3
1459 10
1460 3
1461 3
1462 3
1463 3
1464 3
1465 3
1466 3
1467 3
1468 3
1469 10
1470 3
1471 3
1472 10
1473 3
1474 10
1475 8
1476 5
1477 2
1478 10
1479 3
1480 13
1481 12
1482 10
1483 12
1484 10
1485 4
1486 3
1487 10
1488 3
1489 6
1490 3
1491 4
1492 3
1493 10
1494 9
1495 6
1496 5
1497 5
1498 5
1499 2
1500 3
1501 6
1502 3
1503 8
1504 6
1505 3
1506 10
1507 4
1508 9
1509 9
1510 8
1511 1
1512 6
1513 3
1514 3
1515 3
1516 13
1517 13
1518 3
1519 3
1520 1
1521 10
1522 9
1523 8
1524 9
1525 12
1526 13
1527 9
1528 9
1529 4
1530 9
1531 9
1532 3
1533 3
1534 10
1535 10
1536 9
1537 2
1538 3
1539 8
1540 3
1541 7
1542 7
1543 7
1544 10
1545 10
1546 10
1547 1
1548 9
1549 2
1550 2
1551 11
1552 10
1553 13
1554 4
1555 3
1556 3
1557 10
1558 3
1559 3
1560 8
1561 2
1562 3
1563 5
1564 5
1565 4
1566 3
1567 11
1568 8
1569 6
1570 1
1571 8
1572 3
1573 2
1574 13
1575 5
1576 3
1577 2
1578 10
1579 2
1580 2
1581 3
1582 3
1583 5
1584 6
1585 4
1586 4
1587 5
1588 3
1589 13
1590 9
1591 8
1592 3
1593 2
1594 2
1595 2
1596 5
1597 3
1598 3
1599 4
1600 11
1601 4
1602 10
1603 4
1604 3
1605 5
1606 4
1607 8
1608 2
1609 3
1610 11
1611 3
1612 3
1613 3
1614 8
1615 5
1616 10
1617 10
1618 7
1619 3
1620 10
1621 5
1622 3
1623 7
1624 5
1625 11
1626 3
1627 3
1628 3
1629 3
1630 3
1631 3
1632 3
1633 8
1634 6
1635 8
1636 9
1637 2
1638 12
1639 4
1640 2
1641 4
1642 10
1643 2
1644 2
1645 8
1646 5
1647 4
1648 8
1649 3
1650 9
1651 9
1652 2
1653 2
1654 3
1655 10
1656 1
1657 8
1658 3
1659 9
1660 6
1661 9
1662 9
1663 2
1664 9
1665 5
1666 5
1667 11
1668 5
1669 2
1670 1
1671 3
1672 4
1673 4
1674 12
1675 9
1676 3
1677 2
1678 5
1679 3
1680 4
1681 3
1682 7
1683 3
1684 11
1685 9
1686 8
1687 8
1688 4
1689 3
1690 3
1691 3
1692 10
1693 3
1694 3
1695 7
1696 7
1697 7
1698 3
1699 2
1700 5
1701 3
1702 9
1703 1
1704 3
1705 13
1706 3
1707 3
1708 5
1709 3
1710 3
1711 3
1712 3
1713 3
1714 12
1715 3
1716 5
1717 3
1718 13
1719 13
1720 3
1721 13
1722 3
1723 1
1724 11
1725 4
1726 4
1727 3
1728 9
1729 2
1730 3
1731 7
1732 7
1733 7
1734 3
1735 12
1736 3
1737 2
1738 8
1739 2
1740 3
1741 10
1742 5
1743 11
1744 7
1745 9
1746 9
1747 8
1748 3
1749 13
1750 8
1751 3
1752 11
1753 11
1754 3
1755 8
1756 3
1757 5
1758 5
1759 4
1760 3
1761 3
1762 3
1763 4
1764 5
1765 3
1766 1
1767 5
1768 9
1769 6
1770 12
1771 8
1772 8
1773 11
1774 3
1775 5
1776 6
1777 2
1778 10
1779 2
1780 2
1781 2
1782 6
1783 5
1784 1
1785 2
1786 6
1787 5
1788 2
1789 13
1790 11
1791 3
1792 7
1793 2
1794 5
1795 7
1796 4
1797 3
1798 3
1799 13
1800 3
1801 5
1802 1
1803 3
1804 3
1805 1
1806 1
1807 10
1808 12
1809 2
1810 3
1811 3
1812 3
1813 3
1814 6
1815 5
1816 5
1817 5
1818 3
1819 9
1820 10
1821 2
1822 7
1823 3
1824 9
1825 3
1826 8
1827 4
1828 8
1829 9
1830 1
1831 8
1832 6
1833 3
1834 6
1835 6
1836 2
1837 9
1838 4
1839 13
1840 4
1841 3
1842 2
1843 4
1844 12
1845 13
1846 8
1847 8
1848 1
1849 8
1850 5
1851 8
1852 6
1853 7
1854 6
1855 3
1856 3
1857 2
1858 2
1859 3
1860 2
1861 3
1862 3
1863 13
1864 3
1865 3
1866 1
1867 4
1868 5
1869 3
1870 3
1871 11
1872 3
1873 8
1874 6
1875 3
1876 5
1877 9
1878 3
1879 9
1880 8
1881 2
1882 5
1883 2
1884 3
1885 3
1886 3
1887 10
1888 11
1889 13
1890 3
1891 3
1892 7
1893 13
1894 3
1895 13
1896 8
1897 1
1898 3
1899 7
1900 11
1901 1
1902 3
1903 3
1904 5
1905 4
1906 10
1907 7
1908 10
1909 3
1910 5
1911 12
1912 12
1913 5
1914 12
1915 3
1916 6
1917 1
1918 1
1919 2
1920 5
1921 3
1922 8
1923 8
1924 8
1925 5
1926 13
1927 3
1928 3
1929 3
1930 3
1931 2
1932 3
1933 2
1934 3
1935 8
1936 3
1937 5
1938 3
1939 3
1940 2
1941 8
1942 8
1943 9
1944 3
1945 6
1946 3
1947 13
1948 8
1949 11
1950 3
1951 2
1952 3
1953 2
1954 2
1955 12
1956 4
1957 8
1958 2
1959 3
1960 9
1961 3
1962 3
1963 8
1964 8
1965 4
1966 11
1967 5
1968 2
1969 3
1970 12
1971 2
1972 3
1973 13
1974 5
1975 3
1976 12
1977 8
1978 3
1979 11
1980 8
1981 3
1982 4
1983 3
1984 5
1985 3
1986 3
1987 3
1988 2
1989 2
1990 3
1991 13
1992 3
1993 3
1994 4
1995 12
1996 5
1997 3
1998 3
1999 4
2000 3
2001 4
2002 4
2003 3
2004 3
2005 3
2006 3
2007 1
2008 3
2009 3
2010 8
2011 1
2012 3
2013 5
2014 8
2015 3
2016 4
2017 9
2018 8
2019 2
2020 5
2021 8
2022 1
2023 2
2024 3
2025 11
2026 2
2027 3
2028 9
2029 4
2030 6
2031 3
2032 3
2033 3
2034 3
2035 8
2036 3
2037 3
2038 3
2039 5
2040 8
2041 3
2042 8
2043 5
2044 8
2045 12
2046 3
2047 3
2048 4
2049 3
2050 9
2051 12
2052 5
2053 8
2054 10
2055 1
2056 4
2057 8
2058 3
2059 11
2060 8
2061 5
2062 3
2063 9
2064 9
2065 2
2066 2
2067 5
2068 8
2069 5
2070 8
2071 3
2072 6
2073 3
2074 3
2075 2
2076 4
2077 8
2078 3
2079 3
2080 4
2081 8
2082 3
2083 8
2084 3
2085 2
2086 12
2087 12
2088 2
2089 3
2090 4
2091 2
2092 3
2093 1
2094 13
2095 3
2096 8
2097 3
2098 3
2099 3
2100 1
2101 3
2102 5
2103 3
2104 5
2105 3
2106 13
2107 3
2108 3
2109 13
2110 8
2111 10
2112 8
2113 8
2114 4
2115 2
2116 5
2117 5
2118 3
2119 8
2120 8
2121 11
2122 8
2123 8
2124 4
2125 3
2126 4
2127 4
2128 4
2129 3
2130 4
2131 3
2132 3
2133 3
2134 6
2135 5
2136 5
2137 3
2138 8
2139 13
2140 10
2141 8
2142 8
2143 8
2144 9
2145 7
2146 8
2147 3
2148 3
2149 2
2150 11
2151 13
2152 5
2153 3
2154 5
2155 3
2156 5
2157 5
2158 3
2159 3
2160 3
2161 8
2162 3
2163 3
2164 12
2165 12
2166 3
2167 2
2168 2
2169 2
2170 4
2171 10
2172 8
2173 3
2174 4
2175 2
2176 3
2177 3
2178 12
2179 4
2180 3
2181 3
2182 11
2183 3
2184 1
2185 8
2186 5
2187 3
2188 11
2189 8
2190 5
2191 3
2192 3
2193 10
2194 3
2195 3
2196 9
2197 9
2198 1
2199 3
2200 1
2201 3
2202 9
2203 4
2204 8
2205 1
2206 4
2207 2
2208 1
2209 4
2210 1
2211 11
2212 3
2213 3
2214 5
2215 3
2216 1
2217 3
2218 2
2219 3
2220 4
2221 12
2222 3
2223 8
2224 3
2225 7
2226 2
2227 1
2228 13
2229 3
2230 3
2231 3
2232 5
2233 5
2234 9
2235 3
2236 2
2237 10
2238 5
2239 7
2240 3
2241 4
2242 4
2243 3
2244 3
2245 3
2246 4
2247 12
2248 1
2249 3
2250 5
2251 8
2252 3
2253 11
2254 8
2255 3
2256 3
2257 8
2258 8
2259 1
2260 1
2261 3
2262 4
2263 12
2264 13
2265 3
2266 3
2267 3
2268 3
2269 3
2270 3
2271 13
2272 10
2273 8
2274 3
2275 10
2276 8
2277 3
2278 1
2279 2
2280 4
2281 3
2282 12
2283 3
2284 3
2285 2
2286 3
2287 8
2288 8
2289 5
2290 5
2291 3
2292 9
2293 12
2294 5
2295 13
2296 3
2297 8
2298 9
2299 8
2300 10
2301 3
2302 5
2303 10
2304 3
2305 8
2306 8
2307 5
2308 8
2309 4
2310 2
2311 3
2312 3
2313 9
2314 3
2315 3
2316 8
2317 8
2318 3
2319 3
2320 3
2321 7
2322 3
2323 3
2324 7
2325 12
2326 1
2327 3
2328 3
2329 6
2330 5
2331 6
2332 8
2333 3
2334 8
2335 8
2336 3
2337 3
2338 3
2339 3
2340 4
2341 12
2342 5
2343 2
2344 6
2345 4
2346 10
2347 3
2348 10
2349 2
2350 10
2351 2
2352 1
2353 3
2354 3
2355 4
2356 3
2357 2
2358 2
2359 3
2360 3
2361 3
